Webots Project File version R2020b
perspectives: 000000ff00000000fd00000003000000000000000000000000fc0100000001fb0000001a0044006f00630075006d0065006e0074006100740069006f006e0000000000ffffffff0000006900ffffff000000010000021600000157fc0200000001fb0000001400540065007800740045006400690074006f00720100000016000001570000008900ffffff00000003000004e200000039fc0100000001fb0000001a0043006f006e0073006f006c00650041006c006c0041006c006c0100000000000004e20000006900ffffff000002ca0000015700000001000000020000000100000008fc00000000
simulationViewPerspectives: 000000ff0000000100000002000001190000025c0100000002010000000100
sceneTreePerspectives: 000000ff000000010000000200000203000000fa0100000002010000000200
maximizedDockId: -1
centralWidgetVisible: 1
orthographicViewHeight: 1
textFiles: 0 "controllers/csci3302_final_project_base/csci3302_final_project_base.py"
consoles: Console:All:All
renderingDevicePerspectives: e-puck:camera;1;1.92308;0.011073;0.0305252
renderingDevicePerspectives: e-puck:camera1;1;2.53125;0.0933821;0.00965752
